317 13881 23716 17805 30471 23526 18324 25365 11429 5296 907 8819 8708 
29287 10280 5527 22244 5404 14151 20670 291 17286 25557 26097 10801
 25253 15075 14799 16580 4260 25336 5517 29389 26372 26028 6715 25514
 10231 14194 31049 4765 23306 29110 5705 1405 7431 29480 30198 2987
 10010 23127 7798 11592 20786 3713 19676 6821 5034 19113 9201 12283
 19497 24299 14388 24925 18887 7181 7455 8938 25713 7510 22444 8519
 9102 25763 23064 24141 14306 31927 27879 1534 19635 5587 10536 4030
 29739 20614 26618 32704 13054 10951 19279 23742 28493 17217 17392 
 11757 18121 26350 14530 5424 4123 7399 13127 22923 2948 9339 13671
 30171 1728 6526 7281 32709 30769 13027 13661 31469 21817 20366 
 26196 27752 10216 17763 4466 17011 10199 9891 5322 25701 23123 
 29048 2986 32482 32190 24014 13601 24658 17459 15717 9151 31121
 8553 8740 6812 22248 12250 16049 15259 9533 28964 13630 27376 
 6022 28079 18598 3040 16516 30608 9144 31432 13485 5293 10962
 26721 2154 21538 2995 31298 32386 4836 32650 21671 31446 29604
 29522 29040 3408 3575 2658 26733 10518 6323 12096 3288 23555
 5020 9911 1059 6743 13376 22825 14837 29357 6687 17958 21871 
 15918 3599 22076 5043 8453 20703 32529 11175 28434 15675 28080 
 7926 18659 16591 11041 7256 1248 28848 28476 22292 14533 15607 
 5566 30659 30550 1967 27037 2646 5710 8945 15001 3418 4248 31309
 28948 1659 22721 27500 5155 16455 12206 4596 30181 5429 21386 2732
 31252 27622 6915 29153 10969 18602 20662 8456 4069 6214 25319 28580 
 31677 6133 15222 31594 17237 32428 21518 15267 5089 19362 23200 
 25555 23272 24080 31248 22936 29850 14901 6958 16852 5219 8094 
 12775 26894 7104 21668 27325 2838 21330 19254 19572 15848 14897 
 729 8718 979 24450 19436 16634 18651 31308 20529 32649 20315 
 13191 1161 28577 20463 22134 26623 12725 20624 23351 13320 29684
 30465 32665 25097 29121 23147 25133 10778 1892 6212 21408 24330 
 11775 12404 21063 19363 29635 27835 25596 29999 17507 22349 16937
 26427 5577 1216 3106 27802 19721 13608 29624 22957 28563 4225 6155 
 19426 29868 589 671 635 19231 30845 31410 13457 26415 2453 8909 
 2136 27857 17932 5274 4004 18968 14577 28405 28076 22001 23509
 2629 2574 18192 484 18189 29972 5930 32341 10942 24886 9829 2565
 16080 21984 13069 11358 26128 32629 31112 11134 7228 16531 4236
 18325 21453 26777 21903 17807 26132 13158 32127 3316 18824 30308 
 7604 23820 607 7878 16675 23878 347 25869 24020 3290 25831 22993 
 16022 21934 20578 12222 13553 18039